15.978	35.863	29.607	23.846	21.019	18.046	21.162	43.757	2.155	13.045	8.699	37.203	36.268	11.445	20.242	3.003	8.349	18.795	43.549	13.400	24.952
16.505	36.281	30.005	24.386	21.693	18.450	21.588	44.607	2.279	13.442	9.000	39.103	37.341	11.746	20.688	3.070	8.645	19.128	44.302	13.819	25.501
17.106	36.778	30.417	25.080	22.213	19.377	22.112	45.000	2.354	13.757	9.208	40.237	37.644	12.048	20.951	3.150	9.016	19.388	44.926	14.029	26.063
17.718	37.799	31.023	25.533	23.043	19.855	22.714	45.888	2.690	14.136	9.440	41.970	38.521	12.273	21.374	3.288	9.353	19.840	47.055	14.514	26.671
18.147	38.910	32.106	26.147	23.942	20.668	23.560	46.981	2.876	14.803	9.949	45.871	39.443	12.650	22.072	3.619	9.576	20.635	48.077	15.095	27.420
18.882	39.860	33.456	27.016	24.867	21.686	24.516	47.738	2.998	15.623	10.481	47.904	40.622	12.951	22.496	3.887	10.037	20.814	48.464	16.016	28.196
19.850	40.464	34.870	27.827	25.807	22.624	25.331	48.178	3.020	16.218	11.082	49.671	41.378	13.403	22.988	4.137	10.391	21.166	49.669	16.388	29.055
20.598	41.458	35.966	28.594	26.789	23.375	26.122	48.832	3.130	16.967	11.776	51.771	42.723	13.855	23.537	4.367	10.917	22.184	51.186	17.132	29.902
21.333	42.551	37.008	29.215	27.169	24.484	26.847	49.766	3.257	18.328	12.193	52.804	43.615	14.306	24.555	4.557	11.364	22.413	51.928	18.169	30.445
22.080	43.253	37.981	29.851	27.717	25.605	27.498	50.710	3.383	19.446	12.517	54.305	44.840	14.834	25.082	4.785	11.759	22.906	52.562	19.892	30.923
22.252	44.034	38.852	30.866	28.236	26.498	28.100	51.103	3.384	19.292	12.771	54.838	45.717	15.361	25.848	4.895	12.206	23.607	52.896	20.754	31.582
23.490	44.425	39.972	31.502	28.023	27.504	28.715	51.542	3.613	19.825	13.118	56.271	46.760	16.038	26.272	5.040	12.519	24.166	53.229	21.478	32.086
24.188	45.722	40.800	31.918	28.894	28.613	29.415	52.364	3.718	21.272	13.674	57.538	47.773	16.716	26.890	5.484	13.024	24.854	53.477	22.261	32.396
24.801	46.521	41.620	32.401	30.052	29.222	30.085	52.963	3.859	22.601	14.553	59.372	49.088	17.469	27.645	5.522	13.931	25.482	53.369	23.045	32.797
25.352	47.151	42.393	32.875	30.518	30.200	30.785	53.084	3.845	22.938	14.969	60.138	49.647	17.996	28.194	5.687	14.334	25.849	53.584	23.593	33.321
26.871	47.622	43.095	33.358	31.696	30.985	31.576	53.439	4.030	23.909	15.918	61.572	50.811	18.523	28.366	6.102	14.993	26.475	53.799	24.670	33.695
27.484	48.624	43.958	34.074	32.047	32.156	32.069	54.346	4.129	24.821	16.635	62.972	51.250	19.050	29.281	6.569	15.963	27.180	54.004	25.923	34.290
28.134	49.154	44.670	34.877	33.075	33.161	33.049	54.925	4.315	25.753	17.260	64.639	52.535	19.954	30.094	7.314	16.843	28.226	54.111	27.078	35.027
28.685	49.700	45.343	35.630	33.890	34.122	33.834	55.084	4.333	26.030	17.722	64.905	52.868	20.631	30.746	7.401	18.238	29.173	54.380	27.509	35.537
29.359	49.777	45.869	36.404	35.631	34.647	34.479	55.318	4.555	26.486	18.324	65.572	53.442	21.384	31.020	7.711	19.043	29.874	54.519	27.920	35.931
29.739	50.510	46.438	37.076	36.094	35.183	35.021	55.991	4.679	26.863	18.787	65.906	53.593	21.836	31.924	8.066	19.713	30.870	54.628	28.370	36.539
30.351	50.946	46.657	37.982	36.687	35.954	36.019	56.486	4.889	27.339	19.342	67.272	54.379	22.363	32.416	8.750	20.572	31.313	54.864	29.153	37.489
30.940	51.352	47.149	38.939	37.122	36.424	36.980	56.449	4.859	28.171	19.828	67.772	55.105	22.966	33.137	9.074	21.531	31.585	54.936	29.643	38.374
31.638	51.507	47.635	39.553	38.215	36.982	37.753	56.636	5.078	28.588	20.429	68.006	55.589	23.493	33.538	9.669	22.136	32.040	54.846	30.171	39.150
32.177	52.302	48.222	40.451	38.577	37.686	38.575	57.626	5.409	29.777	21.216	67.872	55.861	24.095	33.618	10.057	22.954	32.663	55.662	31.111	40.126
33.035	52.583	48.581	41.511	39.558	38.524	39.664	58.411	5.700	30.729	22.003	69.539	56.647	25.149	34.076	10.782	23.772	33.228	56.605	32.247	41.502
33.795	53.222	49.388	42.329	41.568	39.172	40.949	59.150	5.856	31.998	22.766	70.206	57.222	26.429	34.510	11.212	24.790	33.987	57.367	34.400	42.872
34.812	53.783	50.085	43.301	42.652	39.954	42.105	59.664	6.255	33.147	24.039	71.373	58.144	27.408	35.048	11.878	25.591	35.000	57.639	35.379	44.126
35.571	55.076	51.271	44.265	43.700	41.194	43.710	60.822	6.692	34.397	25.589	72.839	59.126	28.462	36.295	12.327	26.776	36.963	58.074	37.044	45.845
36.564	55.980	51.668	45.492	45.033	42.837	45.102	61.813	7.161	36.947	26.584	75.106	60.351	29.667	37.531	12.644	27.478	37.653	58.799	39.197	47.499
37.266	56.915	52.609	46.785	46.367	43.954	46.509	62.187	7.288	38.032	27.717	75.906	61.258	30.721	38.698	12.957	28.536	38.586	59.525	40.039	48.397
38.036	57.320	53.782	48.115	47.233	45.362	47.810	62.766	7.855	39.172	29.198	76.840	62.044	31.851	39.682	13.333	29.416	40.159	60.014	40.783	49.664
38.921	58.910	54.974	49.683	48.467	46.591	49.248	64.271	8.427	41.613	30.725	77.540	63.064	32.830	41.559	14.205	30.705	41.705	61.465	41.743	50.976
39.807	59.798	55.417	51.219	50.600	48.278	50.870	65.421	8.879	43.241	32.090	78.840	64.217	34.110	42.829	14.885	31.575	42.600	62.318	43.798	52.159
40.615	60.671	56.869	52.731	51.800	49.161	52.859	66.355	9.052	45.628	33.039	79.107	65.350	35.465	44.008	15.778	32.613	43.507	63.787	44.542	53.651
42.309	61.248	58.039	54.037	52.967	50.133	54.572	67.196	9.729	48.287	34.542	79.973	66.523	36.820	44.568	16.665	33.648	44.133	64.186	45.639	54.420
43.040	62.463	59.164	55.412	54.067	51.550	56.133	68.084	10.142	49.426	35.954	79.973	67.454	38.025	46.525	17.817	35.084	45.463	64.748	46.383	54.866
44.080	63.336	60.542	57.108	55.367	53.120	57.861	68.907	10.844	52.301	37.041	80.873	68.324	39.907	47.578	18.721	36.332	46.242	65.981	47.871	55.707
45.620	63.804	62.035	58.323	56.767	53.831	58.672	69.738	11.015	53.386	38.568	81.273	69.052	41.338	48.813	19.146	37.394	46.907	67.342	48.106	56.760
46.929	64.115	63.216	59.262	58.200	54.236	59.743	70.374	11.637	54.255	40.303	81.974	69.578	42.468	49.717	19.838	38.250	48.070	67.922	48.458	56.876
47.968	64.895	64.300	59.652	58.667	55.611	61.334	70.832	12.262	55.611	41.738	81.707	69.619	42.844	51.068	21.517	39.725	49.425	67.874	48.693	56.850
49.008	65.019	65.145	60.477	59.500	57.278	63.048	71.196	13.011	57.130	42.964	82.674	70.084	43.220	51.880	22.621	40.694	50.256	68.339	49.672	57.561
49.855	65.783	66.743	61.416	60.267	58.427	64.394	71.907	13.197	58.758	43.959	82.474	70.792	43.597	52.601	24.156	41.533	51.227	68.538	50.338	58.253
51.010	66.484	67.542	61.944	61.467	59.219	65.618	72.252	14.000	59.843	45.463	83.340	71.501	43.973	53.287	26.188	43.018	52.339	69.136	50.906	58.757
50.817	68.604	68.811	62.700	62.400	60.158	66.750	72.869	14.579	61.253	46.782	83.707	72.148	44.350	54.386	28.124	44.509	53.579	69.867	51.199	59.397
50.933	68.947	69.800	63.250	63.467	61.436	67.959	73.224	15.389	62.664	47.869	84.407	72.816	45.253	55.267	29.675	45.286	54.576	70.332	52.237	60.049
51.587	69.539	70.613	63.823	64.133	62.278	69.106	73.224	15.659	63.424	48.563	84.274	72.965	46.684	55.816	31.447	46.527	55.151	70.465	52.687	60.696
52.318	69.944	71.246	64.281	65.067	62.957	70.101	73.757	16.524	63.858	49.720	85.307	73.711	48.115	56.480	32.431	47.245	56.327	71.196	53.373	61.141
53.050	70.973	72.508	65.014	65.833	64.057	71.049	74.626	17.269	65.051	51.154	85.407	73.935	50.248	57.418	35.029	48.761	57.860	72.492	54.019	61.542
54.320	71.440	73.486	65.748	66.900	65.368	72.350	75.028	18.048	65.919	52.381	86.141	74.681	52.802	58.402	36.218	49.665	58.921	72.890	55.879	62.279
55.514	71.627	73.971	66.366	66.833	65.821	73.023	74.822	18.513	66.896	53.005	86.307	74.681	54.251	59.020	36.604	50.171	59.062	72.724	56.016	62.738
56.630	71.830	74.158	66.962	67.367	66.064	73.467	75.000	20.317	67.004	54.162	86.674	75.054	55.488	59.684	37.730	51.157	59.957	73.422	56.290	63.300
57.939	72.671	74.322	67.787	67.333	66.840	73.558	75.196	21.539	68.035	54.995	86.741	74.681	56.761	60.771	39.594	53.127	60.915	73.588	56.681	63.455
58.902	72.484	74.416	68.314	69.567	67.552	74.094	74.972	22.473	68.849	55.550	86.941	74.905	58.306	61.915	40.492	53.718	61.235	73.455	57.425	63.300
60.441	72.796	74.550	69.162	69.633	68.005	74.553	74.598	22.928	68.957	55.874	86.507	74.308	60.238	63.769	40.814	54.924	61.516	73.156	57.484	63.772
62.174	72.780	74.645	69.850	70.333	68.297	75.042	74.327	24.277	69.120	56.545	86.474	74.756	65.610	64.924	41.805	55.557	62.129	73.488	58.228	64.134
63.406	72.901	75.103	70.514	70.667	69.300	75.945	74.776	25.066	70.368	57.332	86.007	73.786	67.146	66.835	43.417	56.365	62.999	74.219	58.933	64.844
64.368	73.483	75.601	71.500	71.833	70.044	76.603	75.028	26.477	70.802	58.003	87.074	74.034	69.350	67.911	44.177	56.753	63.292	74.286	59.834	65.691
65.446	74.452	76.049	72.302	72.267	70.432	77.062	75.000	26.593	71.182	58.627	86.907	74.233	70.447	68.803	44.592	57.471	64.417	74.485	59.971	66.428
66.563	74.016	75.811	72.806	73.133	70.821	77.414	75.028	28.026	71.236	59.576	87.107	74.482	71.895	69.764	45.720	58.138	65.363	74.950	60.617	67.003
67.756	74.452	75.840	73.402	74.033	71.926	77.781	75.495	28.473	71.724	60.316	86.674	74.084	73.177	71.515	47.125	58.853	66.232	75.548	60.910	67.402
68.911	74.767	76.360	74.341	75.100	73.297	78.546	75.897	29.764	72.104	60.941	87.274	74.557	73.748	72.762	47.932	59.059	67.395	75.847	62.379	68.254
70.220	75.881	76.843	75.166	75.467	74.081	79.250	75.972	30.317	72.701	61.519	87.407	74.905	74.406	73.346	49.152	60.565	68.175	75.847	63.240	69.164
71.683	75.397	77.037	75.762	76.400	74.822	79.739	76.271	31.968	73.135	62.630	88.074	75.203	75.284	73.998	50.949	61.321	69.223	76.312	64.572	69.880
72.376	76.148	77.788	76.702	77.400	76.324	80.412	77.336	32.375	74.103	63.833	87.574	74.706	76.118	74.925	52.930	62.517	70.514	77.276	65.609	70.654
74.147	76.705	78.648	78.031	78.700	78.219	81.391	78.056	33.688	74.868	64.874	89.641	75.327	77.022	76.172	54.196	63.139	71.792	78.007	67.489	71.816
75.841	77.844	79.335	79.154	79.133	79.025	81.942	78.084	34.503	75.940	65.453	89.808	75.775	79.726	76.676	55.694	64.752	72.444	78.239	68.116	72.396
77.265	77.504	79.815	79.704	80.167	80.070	82.600	78.589	36.506	76.552	66.586	90.374	76.173	80.709	77.133	56.960	65.676	73.722	79.635	69.467	73.093
78.583	78.473	80.481	80.850	80.000	81.834	83.283	79.449	37.797	77.241	67.951	90.708	76.397	81.464	78.186	59.586	66.886	76.917	81.063	70.700	74.352
79.829	79.031	81.076	81.583	80.633	82.901	83.986	79.860	40.492	77.471	68.807	91.908	77.019	82.895	79.079	61.521	67.409	78.962	81.827	74.009	75.107
80.452	80.412	81.972	82.477	81.167	83.706	84.632	80.215	42.015	78.160	69.733	92.108	77.665	83.720	79.571	63.064	68.894	80.496	82.758	75.223	76.403
82.555	80.339	82.952	83.623	81.967	84.338	85.476	80.963	44.776	78.619	71.052	93.608	78.312	84.624	80.612	64.999	70.100	81.979	84.352	76.398	77.642
82.399	81.138	83.471	86.052	81.967	85.840	86.094	79.879	45.909	79.232	72.278	94.075	79.145	85.151	81.184	67.095	71.021	85.596	85.847	76.848	78.281
82.555	81.768	83.703	86.693	82.733	86.602	86.769	80.598	48.611	79.844	73.319	95.008	79.769	85.221	82.019	68.638	71.502	87.091	86.944	78.453	78.746
83.022	83.222	84.666	87.175	83.033	86.777	87.332	81.972	49.736	80.916	74.175	95.008	80.991	85.528	82.351	69.813	72.974	87.296	87.807	78.806	79.365
83.801	82.737	85.117	87.060	83.700	87.256	88.035	83.467	52.869	81.452	75.216	96.175	81.771	85.449	82.752	70.849	74.012	88.446	88.804	79.569	79.965
83.801	84.409	85.488	87.450	83.867	88.214	88.484	84.589	54.275	82.140	76.350	95.875	82.030	85.827	83.152	72.692	75.675	88.510	89.934	80.000	80.527
83.567	85.112	85.986	87.885	84.800	88.889	89.159	85.523	56.204	82.753	77.252	97.141	82.810	86.055	84.022	75.225	76.071	88.970	90.764	81.723	81.185
83.645	86.469	86.626	88.252	84.767	88.933	89.187	86.019	57.067	83.212	77.854	96.741	83.304	86.353	84.228	76.262	77.054	89.187	90.964	81.664	81.824
84.034	86.129	87.045	88.618	84.967	89.455	89.637	86.299	60.854	83.365	78.779	97.075	83.772	86.582	84.594	76.930	77.865	90.056	91.861	81.997	82.404
84.813	87.680	87.921	89.260	85.000	90.500	90.368	88.477	62.501	83.672	79.704	97.108	84.084	86.652	85.269	78.450	78.879	92.894	93.057	81.449	83.101
85.125	88.261	88.271	89.420	85.600	91.001	90.931	89.318	65.273	83.518	80.676	98.042	84.760	87.179	86.093	79.602	79.628	93.379	93.920	82.761	83.740
85.514	89.449	89.105	89.787	85.767	90.696	91.127	89.879	65.263	84.361	81.417	98.442	85.617	87.635	86.047	80.730	80.591	93.277	94.153	82.996	84.069
85.670	89.134	89.353	90.223	86.267	90.762	91.549	89.944	68.286	84.590	82.249	98.208	86.033	87.784	86.219	81.905	81.577	94.044	94.286	83.270	84.650
85.981	90.393	90.040	89.764	86.533	90.762	91.915	91.159	69.331	85.126	83.314	98.342	86.579	88.694	86.333	83.241	82.821	94.415	94.684	83.387	85.192
86.604	90.854	90.545	89.443	87.300	91.480	92.477	91.748	72.134	85.815	83.869	98.742	87.229	88.986	86.928	84.208	83.481	95.271	94.552	84.895	85.734
87.150	92.162	91.367	89.925	87.567	92.308	92.618	92.308	72.908	86.504	84.517	98.475	87.879	90.056	87.397	84.646	84.372	95.680	94.651	84.914	86.489
87.851	91.605	91.130	90.223	88.067	92.351	93.011	92.280	75.493	86.581	85.465	99.008	88.346	91.126	87.775	85.314	85.131	96.268	94.751	85.463	86.895
89.330	92.622	91.671	91.163	88.567	92.467	93.517	93.028	76.388	87.269	86.761	98.475	88.658	92.196	88.599	87.087	86.771	96.830	95.980	86.226	87.611
90.498	93.155	91.863	91.867	89.300	92.745	93.995	93.402	78.997	88.188	88.376	98.708	89.126	93.071	89.262	87.778	87.761	97.891	96.312	87.793	88.386
91.589	94.124	92.483	92.044	89.200	92.806	94.277	93.748	78.973	88.571	89.322	98.475	89.308	93.265	89.445	87.940	88.118	97.891	96.578	88.027	88.773
92.290	93.325	92.391	92.073	89.733	92.498	94.811	93.654	81.414	88.647	90.267	98.408	89.672	93.752	89.686	88.515	88.854	98.377	96.578	88.165	89.199
92.679	94.393	93.460	92.484	90.200	92.899	95.486	94.374	82.936	89.030	91.223	98.142	90.414	94.238	89.411	89.206	89.937	98.236	97.010	88.615	90.012
93.302	94.900	93.617	93.189	91.067	93.331	96.245	94.748	85.812	89.413	92.228	98.842	91.099	94.919	90.128	90.704	90.926	98.658	97.076	89.770	90.902
93.536	95.185	94.272	93.335	91.233	93.300	96.020	94.991	85.305	89.872	92.465	98.675	91.218	95.502	90.681	91.118	91.349	98.057	97.143	89.927	91.386
93.692	95.629	94.645	93.923	91.833	93.270	96.413	95.028	87.600	90.332	92.908	98.942	91.843	96.183	91.265	91.256	91.800	98.134	97.375	90.475	92.044
93.847	95.977	95.246	94.422	92.133	93.393	96.891	96.056	88.274	90.308	93.499	98.708	92.201	95.891	92.192	91.812	92.222	98.070	97.741	91.003	92.664
93.614	96.294	95.046	94.715	92.967	94.236	97.116	96.178	90.611	90.850	93.972	100.842	92.826	95.988	92.581	92.521	92.356	98.850	97.608	92.159	93.031
93.224	96.262	95.954	94.950	93.433	94.656	97.229	97.112	89.829	91.031	94.149	100.808	93.362	96.475	92.729	92.552	92.996	99.105	97.608	93.059	93.399
93.458	96.611	95.867	94.891	93.800	94.971	97.538	96.991	91.863	91.784	94.740	101.075	94.047	96.961	93.313	93.231	93.611	99.668	97.674	93.803	93.767
93.692	96.991	95.942	95.391	94.033	95.131	97.619	97.206	92.171	92.001	95.390	100.675	94.166	97.155	94.155	93.693	93.924	98.594	97.708	94.097	94.019
94.237	97.213	96.619	95.664	94.800	95.738	98.076	97.514	95.392	93.302	95.892	101.175	94.881	97.642	94.660	94.958	94.219	98.978	97.674	95.840	94.522
94.470	97.118	96.684	95.743	95.000	95.801	97.847	97.766	94.428	93.712	96.070	100.608	95.060	98.128	94.913	95.420	94.838	98.492	97.708	96.153	94.890
94.938	97.308	96.515	95.922	95.400	95.863	97.815	97.421	95.773	93.802	96.395	101.608	95.715	97.350	95.450	96.099	95.010	98.569	97.608	96.584	95.219