0.744	21.805	41.852	0.997	6.526	4.024	4.785	3.011	30.000	0.413	577.800	282.107	3.048	0.781	6.258	26.064	60.929	4.600	3.445	0.413
0.707	20.040	39.021	1.000	6.079	3.828	4.430	2.736	30.000	0.395	591.610	264.983	2.859	0.753	5.764	24.666	58.046	4.388	3.153	0.395
0.697	17.667	36.458	1.004	5.655	3.672	4.189	2.394	30.000	0.403	574.380	265.003	2.612	0.726	5.452	22.992	57.074	4.130	2.933	0.403
0.675	18.808	38.576	1.000	5.939	3.760	4.407	2.549	28.500	0.420	588.193	274.713	2.663	0.687	5.589	24.339	56.992	4.351	3.128	0.420
0.674	20.000	41.258	0.980	6.446	3.912	4.933	2.715	30.000	0.439	645.580	290.820	2.839	0.709	5.808	26.117	58.724	4.682	3.207	0.439
0.674	18.263	38.159	0.965	5.974	3.702	4.879	2.503	30.000	0.417	638.613	279.920	2.641	0.686	5.427	24.825	57.714	4.348	2.973	0.417
0.680	18.531	38.684	0.981	6.059	3.753	4.783	2.610	30.000	0.426	653.420	297.583	2.672	0.701	5.491	25.525	57.319	4.425	2.981	0.426
0.762	17.976	37.705	0.986	5.901	3.728	4.644	2.523	30.000	0.429	663.760	300.007	2.602	0.766	5.433	25.166	56.990	4.302	2.756	0.429
0.742	16.598	34.863	0.999	5.530	3.516	4.281	2.337	30.000	0.418	637.813	293.280	2.412	0.748	5.011	24.360	56.047	3.982	2.491	0.418
0.745	16.677	34.995	1.022	5.473	3.554	4.087	2.355	30.163	0.430	628.637	292.387	2.412	0.756	4.947	24.503	56.001	3.941	2.519	0.430
0.776	18.015	38.096	1.031	5.914	3.773	4.358	2.553	32.948	0.470	664.930	297.947	2.626	0.871	5.417	26.367	58.220	4.291	2.665	0.470
0.792	18.376	39.162	1.018	6.068	3.872	4.425	2.597	35.094	0.490	680.017	303.537	2.667	0.953	5.533	26.981	59.359	4.395	2.651	0.490
0.796	18.352	39.218	0.995	6.147	3.846	4.523	2.574	35.453	0.500	765.360	302.387	2.675	0.961	5.542	27.868	63.800	4.385	2.579	0.500
0.810	18.319	39.263	0.979	6.076	3.881	4.750	2.558	36.566	0.554	861.703	299.197	2.713	1.004	5.511	30.323	67.601	4.420	2.495	0.554
0.805	17.985	39.041	0.978	6.078	3.891	4.956	2.531	36.851	0.566	839.560	291.060	2.670	1.003	5.508	31.274	67.990	4.409	2.478	0.566
0.863	17.102	36.899	0.992	5.879	3.839	4.983	2.409	37.201	0.606	862.717	293.567	2.517	1.052	5.265	31.451	68.221	4.210	2.446	0.606
0.915	17.021	36.757	1.030	5.890	3.818	4.976	2.395	37.352	0.584	882.623	285.573	2.503	1.047	5.270	34.561	68.789	4.224	2.520	0.584
0.904	16.795	36.168	1.052	6.009	4.069	4.915	2.362	37.158	0.582	886.197	275.240	2.469	1.038	5.281	38.744	68.990	4.370	2.511	0.582
0.900	16.400	35.635	1.070	6.055	4.081	4.894	2.308	36.690	0.576	882.667	266.167	2.451	1.030	5.348	39.289	83.233	4.552	2.398	0.576
0.887	15.892	34.812	1.102	6.059	4.150	4.836	2.224	36.154	0.551	878.067	247.060	2.395	1.006	5.395	40.514	82.835	4.780	2.185	0.551
0.879	14.924	32.264	1.113	5.682	4.097	4.756	2.076	36.326	0.519	861.847	237.640	2.224	0.977	5.246	40.373	80.424	4.638	1.929	0.519
0.880	14.941	32.449	1.127	5.651	4.253	4.606	2.077	37.360	0.545	862.387	220.807	2.223	0.984	5.406	44.098	80.221	4.622	1.916	0.545
0.868	14.492	31.643	1.144	5.512	4.133	4.387	2.007	36.808	0.518	837.947	192.837	2.174	0.954	5.288	45.430	75.314	4.469	1.679	0.518
0.868	13.729	29.612	1.178	5.214	3.986	4.303	1.875	36.488	0.504	832.473	190.483	2.034	0.943	5.030	45.849	70.713	4.346	1.628	0.504
0.884	13.586	29.284	1.186	5.156	3.973	4.268	1.855	36.491	0.496	839.110	201.460	2.003	0.947	5.086	47.390	69.384	4.358	1.675	0.496
0.902	13.937	30.272	1.158	5.364	3.999	4.374	1.895	37.176	0.499	847.003	217.617	2.064	0.958	5.163	49.284	66.707	4.375	1.713	0.481
0.887	13.245	29.117	1.166	5.236	3.839	4.234	1.816	36.765	0.483	816.680	218.860	1.997	0.987	5.019	49.026	66.062	4.211	1.638	0.448
0.906	12.702	28.602	1.175	5.289	3.770	4.141	1.766	37.723	0.477	820.653	238.623	1.960	1.022	4.989	49.993	66.347	4.205	1.624	0.463
0.908	12.717	28.782	1.164	5.536	3.763	4.149	1.773	39.296	0.479	824.817	243.543	1.953	1.026	4.947	49.347	67.275	4.218	1.663	0.444
0.889	12.911	29.055	1.170	5.640	3.725	4.212	1.811	42.965	0.485	851.460	232.690	1.990	1.029	4.943	49.509	70.819	4.248	1.684	0.438
0.861	12.584	28.439	1.159	5.494	3.647	4.121	1.776	43.175	0.472	843.447	220.083	1.936	1.018	4.841	49.437	72.102	4.152	1.632	0.420
0.855	13.540	30.691	1.184	5.874	3.786	4.420	1.911	45.030	0.511	906.067	210.647	2.073	1.033	5.026	51.955	76.612	4.300	1.724	0.419
0.856	14.780	33.801	1.194	6.472	4.011	4.860	2.087	49.954	0.564	1001.360	205.570	2.284	1.065	5.350	55.552	84.075	4.554	1.897	0.433
0.874	16.092	37.184	1.199	7.150	4.307	5.419	2.276	55.480	0.623	1134.090	220.000	2.526	1.135	5.684	60.591	91.142	4.877	2.034	0.481
0.875	17.099	39.791	1.212	7.635	4.559	5.808	2.433	59.558	0.666	1215.430	231.890	2.703	1.205	6.085	65.459	97.965	5.302	2.097	0.545
0.876	15.736	37.741	1.192	7.237	4.384	5.652	2.245	56.641	0.632	1196.180	224.683	2.468	1.207	5.839	64.583	96.105	5.521	1.828	0.531
0.921	16.461	41.480	1.209	7.771	4.499	5.995	2.346	60.554	0.666	1261.840	233.493	2.576	1.258	5.951	68.284	101.218	5.736	1.874	0.542
0.954	16.742	45.010	1.245	8.110	4.601	6.279	2.378	64.722	0.688	1319.330	244.267	2.638	1.312	6.077	73.828	106.021	5.900	1.994	0.562
1.017	17.454	47.554	1.250	8.651	4.766	6.942	2.481	70.151	0.723	1393.650	258.863	2.730	1.365	6.642	85.587	112.173	6.157	2.113	0.580
1.052	17.579	48.718	1.231	8.798	5.415	7.073	2.501	71.786	0.741	1435.220	259.683	2.738	1.396	7.146	90.194	120.025	7.337	2.140	0.607
1.061	16.924	47.342	1.227	8.533	5.378	6.887	2.408	83.274	0.730	1399.440	235.737	2.663	1.420	7.110	92.170	129.909	7.409	2.015	0.653
1.144	17.495	49.612	1.231	8.861	5.476	7.470	2.485	84.177	0.787	1477.480	237.533	2.793	1.518	7.170	101.156	138.951	7.537	2.075	0.643
1.136	18.577	53.079	1.233	9.507	5.673	7.960	2.643	88.859	0.840	1573.650	242.533	2.957	1.530	7.403	121.953	150.270	7.806	2.148	0.662
1.099	18.858	54.493	1.239	9.679	5.753	8.168	2.678	95.948	0.862	1624.820	234.243	3.004	1.519	7.503	127.840	154.590	7.916	2.158	0.680
1.075	19.049	55.257	1.255	9.846	5.787	8.306	2.703	102.221	0.876	1662.430	231.007	3.046	1.519	7.689	133.239	154.413	7.974	2.198	0.697
1.107	19.038	55.280	1.293	9.944	5.764	8.328	2.710	107.279	0.884	1675.420	229.607	3.051	1.537	7.741	138.175	152.947	8.002	2.246	0.716
1.193	20.506	59.007	1.314	10.631	6.123	8.960	2.919	115.900	0.947	1799.490	243.457	3.293	1.950	8.366	151.637	165.183	8.407	2.441	0.771
1.183	21.443	61.592	1.318	11.005	6.366	9.363	3.053	125.466	0.983	1890.500	246.020	3.445	2.050	8.850	162.511	170.501	8.704	2.515	0.823
1.338	22.872	65.368	1.353	11.644	6.782	9.960	3.256	134.544	1.046	2021.090	257.683	3.683	2.178	9.367	177.403	180.074	9.265	2.756	0.898
1.501	21.703	62.166	1.369	11.080	6.424	9.407	3.087	135.846	0.987	1970.710	250.733	3.485	2.197	8.894	173.829	174.010	8.942	2.593	0.796
1.434	20.017	57.561	1.360	10.295	6.009	8.687	2.849	133.290	0.914	1895.620	238.637	3.205	1.922	8.342	168.542	167.006	8.395	2.346	0.727
1.455	18.166	52.417	1.379	9.368	5.577	7.887	2.584	148.797	0.836	1750.340	207.090	2.911	1.796	7.786	161.805	159.086	7.814	2.134	0.696
1.426	16.488	48.025	1.404	8.637	5.261	7.208	2.346	144.617	0.774	1598.240	187.880	2.649	1.904	7.320	152.887	147.396	7.408	1.977	0.695
1.404	15.780	45.865	1.384	8.305	5.135	7.147	2.246	141.037	0.739	1539.030	170.133	2.531	1.802	7.403	150.026	142.835	7.200	1.867	0.663
1.609	14.670	43.109	1.385	7.846	4.969	6.778	2.086	136.058	0.735	1435.790	155.773	2.352	1.983	7.387	147.107	135.243	6.968	1.687	0.672
1.545	14.131	41.689	1.385	7.576	4.912	6.572	2.008	138.213	0.724	1390.180	160.293	2.268	1.963	7.470	148.327	134.719	6.918	1.664	0.700
1.491	12.931	38.130	1.338	6.950	4.562	6.128	1.840	134.452	0.689	1306.210	153.167	2.076	1.827	7.035	141.656	128.965	6.506	1.545	0.649
1.400	12.691	37.415	1.333	6.801	4.395	6.025	1.805	134.273	0.675	1299.730	142.667	2.036	1.723	6.711	140.313	126.136	6.301	1.491	0.609
1.400	12.934	38.170	1.322	7.038	4.455	6.135	1.839	139.486	0.687	1329.880	146.923	2.071	1.654	6.730	144.347	124.641	6.431	1.525	0.619
1.421	12.014	35.621	1.311	6.572	4.171	5.754	1.706	133.506	0.641	1248.460	135.793	1.919	1.575	6.473	137.214	114.170	6.123	1.403	0.571
1.390	11.778	35.057	1.267	6.419	4.062	5.669	1.676	133.911	0.629	1235.260	128.000	1.882	1.510	6.365	137.026	113.085	5.988	1.375	0.557
1.286	12.004	35.711	1.230	6.525	4.057	5.779	1.707	136.620	0.638	1268.090	125.613	1.916	1.464	6.256	139.532	113.021	5.958	1.418	0.543
1.251	13.125	39.111	1.219	7.132	4.419	6.319	1.866	150.183	0.695	1385.870	133.713	2.106	1.553	6.836	152.430	123.550	6.416	1.564	0.590
1.193	12.484	37.194	1.206	6.849	4.194	6.061	1.776	146.728	0.663	1317.290	125.280	2.002	1.579	6.611	146.828	116.292	6.146	1.496	0.559
1.182	13.007	38.754	1.192	7.186	4.292	6.294	1.849	154.732	0.693	1357.280	128.453	2.088	1.615	6.723	152.008	115.517	6.316	1.580	0.572
1.287	13.607	40.528	1.193	7.527	4.319	6.554	1.934	165.020	0.724	1409.030	138.073	2.180	1.672	7.008	160.185	121.626	6.545	1.697	0.615
1.309	13.544	40.272	1.182	7.479	4.339	6.506	1.924	166.254	0.721	1386.610	142.294	2.170	1.706	7.039	161.264	120.605	6.538	1.661	0.626
1.280	12.765	38.062	1.169	7.049	4.215	6.166	1.813	163.660	0.684	1335.450	143.037	2.046	1.695	6.848	156.376	115.762	6.389	1.606	0.631
1.306	11.904	35.294	1.183	6.519	3.992	5.736	1.691	159.472	0.637	1254.600	147.900	1.906	1.685	6.534	149.102	109.110	6.150	1.505	0.604
1.302	11.807	34.612	1.170	6.397	3.958	5.644	1.678	164.089	0.626	1232.840	155.253	1.889	1.729	6.489	148.068	104.979	6.087	1.444	0.597
1.237	11.212	32.783	1.153	6.082	3.750	5.344	1.593	156.866	0.594	1177.360	145.230	1.795	1.643	6.154	140.605	98.684	5.831	1.336	0.538
1.279	10.557	30.983	1.161	5.756	3.594	5.057	1.501	153.628	0.561	1127.610	130.787	1.694	1.647	5.862	132.443	94.963	5.607	1.272	0.514
1.285	10.767	31.519	1.156	5.877	3.686	5.210	1.531	163.709	0.575	1148.290	133.853	1.726	1.674	5.973	134.716	95.710	5.678	1.308	0.524
1.296	12.203	35.665	1.149	6.652	4.084	5.879	1.735	189.191	0.649	1288.140	138.310	1.954	1.711	6.754	151.179	107.619	6.230	1.475	0.586
1.279	12.275	35.922	1.144	6.743	4.215	5.927	1.744	192.243	0.652	1302.280	137.160	1.965	1.743	6.813	149.984	109.184	6.328	1.519	0.594
1.275	11.458	33.487	1.135	6.314	4.191	5.552	1.629	183.923	0.609	1223.740	129.503	1.833	1.807	6.392	142.050	103.133	5.954	1.435	0.564
1.328	11.402	33.332	1.177	6.280	4.418	5.510	1.619	187.179	0.607	1218.590	128.430	1.822	1.849	6.355	139.700	102.175	5.887	1.456	0.565
1.319	11.362	33.220	1.194	6.236	4.376	5.441	1.614	191.899	0.605	1217.710	130.303	1.818	1.852	6.313	135.525	101.384	5.826	1.477	0.554
1.368	10.297	30.149	1.202	5.648	4.165	4.960	1.463	181.069	0.551	1133.550	124.893	1.649	1.845	5.794	126.210	95.182	5.353	1.303	0.526
1.432	10.896	31.896	1.262	5.980	4.960	5.264	1.550	202.350	0.587	1359.780	122.979	1.744	1.902	6.396	138.557	110.775	6.230	1.389	0.634
1.455	11.502	33.675	1.261	6.289	5.740	5.547	1.635	219.889	0.644	1544.240	121.013	1.839	1.925	6.954	149.127	116.598	7.498	1.506	0.678
1.438	11.386	33.275	1.270	6.211	5.542	5.458	1.618	220.116	0.652	1503.920	110.063	1.816	1.849	6.847	152.396	121.167	7.404	1.460	0.651
1.494	11.809	35.569	1.304	6.735	5.797	5.812	1.678	234.933	0.708	1585.320	105.575	1.885	1.816	7.251	169.022	134.597	8.016	1.477	0.665
1.495	11.833	35.868	1.325	6.701	5.770	5.836	1.683	242.061	0.705	1661.170	108.140	1.889	1.812	7.325	172.656	136.680	8.215	1.467	0.673
1.413	12.127	35.638	1.341	6.725	5.603	5.862	1.724	249.322	0.700	1684.760	107.620	1.933	1.755	7.442	175.251	141.058	8.001	1.453	0.672
1.380	11.690	34.217	1.382	6.515	5.442	5.687	1.662	246.612	0.682	1604.330	103.327	1.865	1.720	7.209	171.018	136.401	7.802	1.409	0.665
1.353	10.994	32.196	1.371	6.156	5.103	5.354	1.562	236.796	0.653	1571.480	99.051	1.752	1.662	6.844	159.763	129.349	7.683	1.312	0.645
1.324	10.877	31.775	1.368	6.045	4.746	5.305	1.543	237.681	0.640	1589.200	98.834	1.730	1.608	6.734	157.939	129.024	7.378	1.296	0.631
1.336	10.413	30.494	1.407	5.864	4.585	5.169	1.480	234.291	0.636	1639.550	96.259	1.660	1.561	6.522	155.505	130.549	7.374	1.243	0.632
1.374	9.818	28.705	1.371	5.465	4.293	4.918	1.396	226.465	0.615	1668.150	84.431	1.564	1.496	6.237	150.184	123.074	7.296	1.154	0.626
1.350	10.072	29.441	1.356	5.559	4.307	4.949	1.432	231.132	0.621	1610.070	94.086	1.604	1.510	6.303	149.358	122.872	7.177	1.181	0.636
1.336	10.023	29.280	1.356	5.520	4.282	4.930	1.424	234.763	0.624	1597.970	101.462	1.595	1.529	6.279	149.375	122.261	6.686	1.151	0.641
1.323	10.328	30.186	1.369	5.677	4.532	5.035	1.468	241.495	0.633	1573.200	105.793	1.644	1.488	6.416	152.327	123.703	6.776	1.191	0.653
1.263	10.709	31.283	1.364	5.873	4.720	5.158	1.522	242.175	0.637	1555.270	107.589	1.703	1.468	6.536	156.430	127.510	6.734	1.244	0.656
1.268	10.539	30.843	1.370	5.777	4.535	5.094	1.498	237.986	0.622	1521.170	108.940	1.680	1.446	6.414	153.601	126.569	6.634	1.223	0.643
1.257	10.771	31.534	1.350	5.867	4.587	5.175	1.530	241.190	0.608	1522.150	112.794	1.717	1.417	6.434	154.616	128.865	6.679	1.287	0.611
1.285	11.677	34.202	1.359	6.325	4.941	5.597	1.659	260.288	0.627	1638.940	121.223	1.864	1.435	6.630	166.384	140.214	7.374	1.437	0.614
1.300	12.061	35.353	1.386	6.525	5.146	5.778	1.714	271.770	0.656	1690.050	119.568	1.928	1.448	7.077	172.563	144.716	7.695	1.445	0.612
1.359	12.723	37.316	1.385	6.884	5.391	6.088	1.808	284.014	0.677	1763.020	117.935	2.035	1.546	7.460	183.138	152.453	7.833	1.490	0.616
1.445	12.356	36.225	1.409	6.684	5.287	5.884	1.755	276.160	0.678	1720.370	125.238	1.978	1.621	7.127	179.166	148.271	7.637	1.433	0.603
1.502	12.797	37.521	1.430	6.930	5.513	6.097	1.819	293.388	0.727	1792.270	128.049	2.050	1.730	7.540	186.181	154.194	8.018	1.476	0.608
1.591	12.621	37.007	1.447	6.837	5.447	6.015	1.794	309.306	0.712	1769.120	135.745	2.022	1.875	7.514	183.682	152.271	7.805	1.493	0.605
1.670	12.405	36.359	1.515	6.715	5.362	5.908	1.763	297.824	0.702	1737.660	139.994	1.988	1.968	7.637	180.555	149.642	8.012	1.470	0.606
1.604	11.694	34.308	1.542	6.322	5.055	5.578	1.663	281.599	0.668	1645.780	119.834	1.875	1.900	7.489	170.000	141.474	7.964	1.360	0.597